Hyper-parameters in experiments

                  Experiments on MNIST                              Resnet-20 on CIFAR10
        Logistic Regression                 CNN             Fastest convergence	        Best generalization
ADAM    0.005, 0.999, 0.999	    0.0005, 0.9, 0.999      0.0005, 0.9, 0.99	        0.001, 0.9, 0.99
NADAM   0.01, 0.999, 0.999	    0.0005, 0.9, 0.999      0.0005, 0.99, 0.999	        0.001, 0.9, 0.999
AMSG    0.005, 0.99, 0.999	    0.005, 0.9, 0.99        0.0005, 0.9, 0.99	        0.001, 0.9, 0.999
SGD     2.0,0.99	            1.0, 0.9                0.1, 0.9	                0.5, 0.9
NAMSG   0.05,0.999,0.99,0.1         0.01,0.999,0.99,0.1     0.002, 0.999, 0.99,         0.1 0.005, 0.999, 0.99, 0.2
CNAG    5.0,0.999,0.1               5.0,0.999,0.1           0.2, 0.999, 0.1             0.5, 0.99, 0.3
OBSB    0.1,0.999,0.99,0.05	    0.05,0.999,0.99,0.05    0.005,0.999,0.99,0.05       0.01,0.999,0.99,0.05

